75111516846
70078507621
77083029942
73955706765
76460556373
74755461026
70422366970
76601317347
71586273861
75124121142
76432285146
79180297017
74421744272
79050284521
70006313374
70254801018
78195107972
73276261683
71408971161
70949258620
77960268750
70225917792
79687788512
78807112379
71929187095
79240977890
78744733155
71043272303
72488525428
75635328612
75471109764
71480898943
77782786829
72961247611
76483226532
74001205505
76687094959
74806605544
70995948045
77148354327
71063916554
78596231371
77960436114
77865459719
74808977270
73027818788
78354349037
78900056830
73750105480
73109185232
78255224236
76511039502
76123489686
71774582324
73028462277
71410940470
74790695918
79332535618
72891943933
76829729445
75960660549
70526757425
76750669388
74129135942
75756918134
77470995909
78530149190
73721122989
75780742083
79113659461
73347083650
75746393962
78660338114
76655321385
77835051365
79637966081
71321826060
73514494662
72006439318
74750436471
74175519633
76395189043
76239950226
78200746037
72835775996
75982192696
78683895376
72395645237
70828334527
77412533329
79362917245
74585855554
79015318415
74081462729
73124477874
75328918939
78157117244
71222915925
77020125925
76779852467